gorod;geo_h3_10;lat_h3;lon_h3;atm_category;target;atm_cnt
Екатеринбург;8a10c2283357fff;56.86586065901216;60.53222379993044;category4;95.33333333333333;1
Екатеринбург;8a10c2288087fff;56.88539062197093;60.58820342700668;category3;30652.666666666668;4
Екатеринбург;8a10c228820ffff;56.89164764372679;60.60539892092092;category2;1162.1666666666665;1
Екатеринбург;8a10c2288adffff;56.89503858949136;60.598777195669726;category1;2961.3333333333335;1
Екатеринбург;8a10c228944ffff;56.89620627985079;60.625910704724106;category1;2963.3333333333335;1
Екатеринбург;8a10c2289517fff;56.89398022310032;60.61260981174454;category4;116.35;1
Екатеринбург;8a10c2289737fff;56.89742522591588;60.62647252303491;category4;84.75;1
Екатеринбург;8a10c22898f7fff;56.90664654411901;60.61435209100548;category1;14452.166666666666;1
Екатеринбург;8a10c22898f7fff;56.90664654411901;60.61435209100548;category4;88.33333333333333;1
Екатеринбург;8a10c2289a0ffff;56.91131015063829;60.628781221298155;category2;696.1666666666666;1
Екатеринбург;8a10c2289a1ffff;56.91009130910829;60.62821914918943;category4;154.33333333333334;1
Екатеринбург;8a10c2289c9ffff;56.895675927374704;60.60929911228175;category4;80.83333333333333;1
Екатеринбург;8a10c2289ceffff;56.89970402666804;60.61320008396932;category4;75.2;1
Екатеринбург;8a10c228a087fff;56.86238767292701;60.59194151048733;category2;933.0;1
Екатеринбург;8a10c228a6a7fff;56.8573001891341;60.60186674654757;category1;6947.0;1
Екатеринбург;8a10c228a797fff;56.85655753241406;60.597437668849444;category4;104.5;1
Екатеринбург;8a10c228b577fff;56.87378642428406;60.619673758858944;category2;8863.5;3
Екатеринбург;8a10c228b92ffff;56.887885067149654;60.60980337199665;category3;31720.999999999996;2
Екатеринбург;8a10c228b96ffff;56.88984636229223;60.61479744440498;category1;5670.666666666666;1
Екатеринбург;8a10c228d4cffff;56.90219061229263;60.587747611112036;category4;128.5;1
Екатеринбург;8a10c229128ffff;56.82412228275349;60.50496257207906;category1;11998.833333333334;1
Екатеринбург;8a10c229128ffff;56.82412228275349;60.50496257207906;category4;85.45;1
Екатеринбург;8a10c2293a17fff;56.808737707131456;60.4938574226389;category2;2200.0;1
Екатеринбург;8a10c229802ffff;56.83014718538072;60.560800822082044;category3;25635.0;2
Екатеринбург;8a10c229825ffff;56.83264560769994;60.58236953417299;category1;12009.166666666666;1
Екатеринбург;8a10c229825ffff;56.83264560769994;60.58236953417299;category4;76.6;1
Екатеринбург;8a10c229851ffff;56.820865543908155;60.55246481929163;category2;1229.0;1
Екатеринбург;8a10c2298627fff;56.82384130953801;60.570162276975374;category2;1061.3333333333333;1
Екатеринбург;8a10c2298787fff;56.82103019217409;60.566831795946634;category3;33090.16666666667;3
Екатеринбург;8a10c2298d4ffff;56.82998168561973;60.54643100964279;category4;56.55;1
Екатеринбург;8a10c22990d7fff;56.84012373535384;60.60010281453334;category3;548.6666666666666;1
Екатеринбург;8a10c2299447fff;56.83609407182905;60.59620869037831;category4;85.81666666666666;1
Екатеринбург;8a10c22994cffff;56.833178380864496;60.5989549843691;category3;17561.0;2
Екатеринбург;8a10c2299657fff;56.83747338221722;60.61114317044328;category2;1325.0;1
Екатеринбург;8a10c2299767fff;56.840866283933195;60.604530255078636;category3;24696.500000000004;4
Екатеринбург;8a10c2299797fff;56.83354969038728;60.60116830040711;category3;13970.833333333336;1
Екатеринбург;8a10c2299bb7fff;56.848870034507364;60.5918617237162;category1;1432.5833333333333;1
Екатеринбург;8a10c229a607fff;56.79998213416928;60.575556779524504;category1;2478.5;1
Екатеринбург;8a10c229a6dffff;56.79780943694493;60.58272433772311;category4;88.23333333333333;1
Екатеринбург;8a10c229ab2ffff;56.81699927642098;60.56294291151748;category4;70.1;1
Екатеринбург;8a10c229b3a7fff;56.82114311813673;60.60772376925281;category2;426.0;1
Екатеринбург;8a10c229b837fff;56.8252235535658;60.585090600787694;category2;1132.0;1
Екатеринбург;8a10c229b8f7fff;56.823898970911465;60.59060923029021;category2;821.5;1
Екатеринбург;8a10c229b967fff;56.82973019678111;60.585116457107304;category2;1243.0;1
Екатеринбург;8a10c229b99ffff;56.82278439814419;60.58397140206071;category2;1030.3333333333333;1
Екатеринбург;8a10c229bb1ffff;56.82867175829188;60.598927656881244;category1;29698.166666666664;2
Екатеринбург;8a10c229bb1ffff;56.82867175829188;60.598927656881244;category4;104.5;1
Екатеринбург;8a10c229bb37fff;56.82914854543122;60.595061617332284;category2;560.6666666666666;1
Екатеринбург;8a10c229bc1ffff;56.81620988315114;60.58503890460729;category1;10876.333333333332;1
Екатеринбург;8a10c229bc1ffff;56.81620988315114;60.58503890460729;category4;76.96666666666667;1
Екатеринбург;8a10c229d077fff;56.853525174303265;60.55926275281498;category1;7527.0;1
Екатеринбург;8a10c229d107fff;56.85325625920661;60.55096701273077;category1;13572.0;1
Екатеринбург;8a10c229d107fff;56.85325625920661;60.55096701273077;category4;76.1;1
Екатеринбург;8a10c229d84ffff;56.86020076929759;60.55210739175217;category1;10656.666666666666;1
Екатеринбург;8a10c229d96ffff;56.862370190416335;60.54492829993957;category4;1924.1666666666667;1
Екатеринбург;8a10c229e237fff;56.817412378271385;60.538635739842626;category1;11835.666666666666;1
Екатеринбург;8a10c229e237fff;56.817412378271385;60.538635739842626;category4;103.83333333333334;1
Екатеринбург;8a10c22f2a17fff;56.93271824374262;60.62227735266387;category4;90.33333333333334;1
Екатеринбург;8a10c264eb07fff;56.723710081196955;60.577342748088974;category2;772.3333333333334;1
Екатеринбург;8a10c2669daffff;56.77955625638945;60.54784389147375;category4;76.76666666666668;1
Екатеринбург;8a10c266d89ffff;56.793964746174204;60.51975391564359;category1;16788.166666666668;1
Екатеринбург;8a10c266dc47fff;56.791524778071675;60.518639477199024;category1;9539.5;1
Екатеринбург;8a10c266dc4ffff;56.79189744775132;60.520849463041586;category4;46.233333333333334;1
Екатеринбург;8a10c266dca7fff;56.787119243965456;60.51254867683697;category4;58.016666666666666;1
Екатеринбург;8a10dc9066dffff;56.783635897533586;60.7333949394865;category2;2403.666666666667;2
Екатеринбург;8a10dc91091ffff;56.752150888748425;60.7066145937184;category1;12485.166666666668;1
Екатеринбург;8a10dc910af7fff;56.7525534632179;60.72924534965739;category4;114.33333333333334;1
Екатеринбург;8a10dc91e0effff;56.749962437239965;60.80152333230934;category1;5314.666666666667;1
Екатеринбург;8a10dc91e957fff;56.758109415686086;60.78284120151885;category2;584.8333333333334;1
Екатеринбург;8a10dc922a4ffff;56.834960246984956;60.68355094462902;category1;24350.5;2
Екатеринбург;8a10dc922a4ffff;56.834960246984956;60.68355094462902;category4;98.5;1
Екатеринбург;8a10dc922b27fff;56.83480873926977;60.669174504207156;category4;225.5;2
Екатеринбург;8a10dc922b9ffff;56.82982266160202;60.67300576676538;category1;3233.5;1
Екатеринбург;8a10dc924347fff;56.862280159555226;60.645044892888755;category4;85.06666666666666;1
Екатеринбург;8a10dc924757fff;56.85252676481628;60.640550512925806;category4;91.0;1
Екатеринбург;8a10dc924777fff;56.85337534296038;60.63889724916359;category3;32825.50000000001;3
Екатеринбург;8a10dc92490ffff;56.86403308236809;60.61518428392884;category4;143.5;1
Екатеринбург;8a10dc924aa7fff;56.86249453571893;60.63287604181705;category4;79.23333333333333;1
Екатеринбург;8a10dc924b8ffff;56.863342929339694;60.63122226889332;category1;15842.0;1
Екатеринбург;8a10dc924d27fff;56.855975334619814;60.60738926136166;category2;2168.6666666666665;1
Екатеринбург;8a10dc925d07fff;56.86885371182851;60.64398536287741;category2;1248.8333333333333;1
Екатеринбург;8a10dc92691ffff;56.83980594811706;60.61834528277256;category4;83.78333333333333;1
Екатеринбург;8a10dc926a07fff;56.8419241012056;60.637711145171124;category3;27046.250000000004;4
Екатеринбург;8a10dc926a5ffff;56.84303592727723;60.64435429210312;category4;76.6;1
Екатеринбург;8a10dc926c5ffff;56.83190554891894;60.62492707389646;category3;15371.5;3
Екатеринбург;8a10dc926cb7fff;56.82713439379214;60.616604536544436;category3;22148.0;3
Екатеринбург;8a10dc93006ffff;56.79053849633344;60.64674156357814;category1;2604.4166666666665;1
Екатеринбург;8a10dc93006ffff;56.79053849633344;60.64674156357814;category4;93.5;1
Екатеринбург;8a10dc93092ffff;56.79584753875266;60.62468658163233;category4;177.0;1
Екатеринбург;8a10dc934327fff;56.80141725143478;60.61091434608091;category3;12934.333333333332;1
Екатеринбург;8a10dc934387fff;56.79728074549552;60.61309737037849;category1;20212.833333333336;1
Екатеринбург;8a10dc934677fff;56.79229537908959;60.61693127520506;category3;24097.499999999996;3
Екатеринбург;8a10dc934a47fff;56.80714433751666;60.611503101640906;category1;25383.333333333332;2
Екатеринбург;8a10dc934a47fff;56.80714433751666;60.611503101640906;category4;152.0;1
Екатеринбург;8a10dc934ad7fff;56.8026369049925;60.61147445957969;category3;11228.833333333334;1
Екатеринбург;8a10dc934d07fff;56.79536988557561;60.5816060032201;category1;17944.333333333332;1
Екатеринбург;8a10dc935837fff;56.81594573468719;60.62371542685219;category2;892.6666666666665;1
Екатеринбург;8a10dc935b47fff;56.82219938570985;60.64088960677963;category1;8268.166666666666;1
Екатеринбург;8a10dc9363a7fff;56.77511190186724;60.61516388627949;category2;975.1666666666667;1
Екатеринбург;8a10dc936a37fff;56.7817952015172;60.608029466718726;category4;87.81666666666666;1
Нижний Новгород;8a101608171ffff;56.31359337334392;43.8926202337533;category1;12864.5;1
Нижний Новгород;8a101608536ffff;56.33029746738646;43.85711874569197;category1;5272.0;1
Нижний Новгород;8a1016088367fff;56.3390634252734;43.956996715117164;category1;7754.333333333334;1
Нижний Новгород;8a1016088367fff;56.3390634252734;43.956996715117164;category4;80.66666666666666;1
Нижний Новгород;8a10160884a7fff;56.320135632328146;43.947154568306416;category1;5644.666666666666;1
Нижний Новгород;8a10160884a7fff;56.320135632328146;43.947154568306416;category4;79.16666666666666;1
Нижний Новгород;8a101608859ffff;56.31951246038056;43.94531924458674;category3;21944.5;3
Нижний Новгород;8a101608878ffff;56.325090584401295;43.958219278517085;category1;5609.5;1
Нижний Новгород;8a101608a82ffff;56.31527019789894;43.94695135367285;category2;434.16666666666674;1
Нижний Новгород;8a101608c327fff;56.34053668341253;43.915426825420084;category1;5557.833333333333;1
Нижний Новгород;8a101608dc9ffff;56.34427811487386;43.92644063724479;category1;9339.666666666666;1
Нижний Новгород;8a101608e06ffff;56.317521341282465;43.92533640750185;category1;5303.0;1
Нижний Новгород;8a101608e06ffff;56.317521341282465;43.92533640750185;category4;81.16666666666667;1
Нижний Новгород;8a101608e827fff;56.31858335195699;43.90729144115445;category4;33.333333333333336;1
Нижний Новгород;8a101608ead7fff;56.320577317806126;43.927271535939454;category1;3927.0;1
Нижний Новгород;8a1016090767fff;56.240394617909914;43.864395554441046;category3;28998.833333333336;2
Нижний Новгород;8a1016091167fff;56.26179154559669;43.8778859742179;category1;11849.833333333334;1
Нижний Новгород;8a1016092b1ffff;56.22822996958661;43.863913055886755;category1;9932.833333333332;1
Нижний Новгород;8a101609562ffff;56.25916927637465;43.85611281204151;category1;13906.5;1
Нижний Новгород;8a10160992a7fff;56.290639031878165;43.98389719988016;category2;789.6666666666667;1
Нижний Новгород;8a1016099aeffff;56.297881193982946;43.976970824682745;category2;1672.5;1
Нижний Новгород;8a101609a237fff;56.25402417126765;43.96788329994268;category2;685.8333333333333;1
Нижний Новгород;8a101609a38ffff;56.25280742236839;43.967831959023464;category1;2623.0;1
Нижний Новгород;8a101609c257fff;56.28103030749701;43.92383294544179;category3;577.9166666666666;1
Нижний Новгород;8a101609d207fff;56.29702399243378;43.94618972536587;category1;7166.5;1
Нижний Новгород;8a101609dcdffff;56.287142710048094;43.92769985169351;category1;8473.0;1
Нижний Новгород;8a10160a2c67fff;56.30700912115686;43.771264124528926;category1;1769.0;1
Нижний Новгород;8a10160a842ffff;56.35280838070578;43.85982035336721;category2;1294.0;1
Нижний Новгород;8a10160a859ffff;56.34853636361475;43.85784135981267;category4;60.35;1
Нижний Новгород;8a10160aaa27fff;56.34804293090935;43.870488286528484;category1;7134.166666666666;1
Нижний Новгород;8a10160aab07fff;56.34801034486163;43.86686787811729;category3;35518.83333333333;3
Нижний Новгород;8a10160ac077fff;56.365846914075625;43.824138137263155;category1;8881.666666666668;1
Нижний Новгород;8a101646992ffff;56.23503510531749;43.95083023215324;category1;2669.4;1
Нижний Новгород;8a101646d61ffff;56.2282994450599;43.94513288397603;category1;12911.0;1
Нижний Новгород;8a1016704147fff;56.27982318377706;44.0829130099582;category4;267.8333333333333;1
Нижний Новгород;8a1016720477fff;56.29530091352826;44.03655841154642;category1;10703.333333333334;1
Нижний Новгород;8a101672078ffff;56.295976703896876;44.045635420453856;category1;7296.666666666666;1
Нижний Новгород;8a10167207a7fff;56.29594982437892;44.04201523444083;category4;82.33333333333333;1
Нижний Новгород;8a101672099ffff;56.303086621180235;44.02061377407175;category2;655.6666666666666;1
Нижний Новгород;8a101672171ffff;56.31501017029221;44.070012384116694;category1;4262.333333333334;1
Нижний Новгород;8a101672309ffff;56.294375541081806;44.07632876483416;category1;6644.166666666668;1
Нижний Новгород;8a10167234d7fff;56.28769520471585;44.077838614969004;category1;14742.0;1
Нижний Новгород;8a1016723ae7fff;56.306544629644755;44.07687499256457;category1;20270.666666666664;2
Нижний Новгород;8a1016723ae7fff;56.306544629644755;44.07687499256457;category4;86.16666666666666;1
Нижний Новгород;8a1016723baffff;56.305275475629465;44.06957691529202;category2;295.2;1
Нижний Новгород;8a10167246cffff;56.30184224442466;44.01694072545918;category2;4993.833333333333;2
Нижний Новгород;8a10167248f7fff;56.308916449974575;43.98829538124889;category1;11828.666666666668;1
Нижний Новгород;8a1016724ab7fff;56.31081260805097;43.99742397319264;category3;2332.0;1
Нижний Новгород;8a1016724b1ffff;56.3144338090591;43.99396023527688;category3;29302.166666666668;3
Нижний Новгород;8a1016724d77fff;56.303992799938435;43.98084848478676;category2;598.1666666666666;1
Нижний Новгород;8a1016725057fff;56.324419581903996;44.026974437566075;category4;107.76666666666668;1
Нижний Новгород;8a101672505ffff;56.325041730951526;44.02881219426238;category2;421.0;1
Нижний Новгород;8a1016725577fff;56.31706432990288;44.019412366236416;category3;27013.633333333335;5
Нижний Новгород;8a10167256effff;56.31966286170208;44.04124976187173;category2;768.1666666666667;1
Нижний Новгород;8a10167258f7fff;56.326146812905094;44.0143763207477;category3;24508.833333333332;2
Нижний Новгород;8a1016726d5ffff;56.282829869170165;43.99622215482335;category2;1377.8333333333333;1
Новосибирск;8a0bb020416ffff;54.93919534662333;83.12322290238554;category1;9287.533333333333;1
Новосибирск;8a0bb0221297fff;54.97156309648696;83.0806911240574;category1;10471.316666666666;2
Новосибирск;8a0bb022221ffff;54.93627656190543;83.10009117719866;category1;7163.666666666668;1
Новосибирск;8a0bb022222ffff;54.937420958695704;83.09680492961837;category2;1219.9666666666667;2
Новосибирск;8a0bb02361a7fff;54.86407696832543;83.10144386690715;category1;7372.300000000001;1
Новосибирск;8a0bb023650ffff;54.85960044132222;83.1079791716119;category4;253.16666666666669;1
Новосибирск;8a0bb0236527fff;54.85855785218913;83.10467304385824;category2;686.6666666666666;1
Новосибирск;8a0bb023652ffff;54.859634484400566;83.10578367997651;category1;12219.266666666666;1
Новосибирск;8a0bb023658ffff;54.857344977284754;83.11234396274482;category2;1837.8333333333335;1
Новосибирск;8a0bb0236867fff;54.870841726219545;83.08834400021773;category2;1073.8333333333333;1
Новосибирск;8a0bb02368f7fff;54.86747644119757;83.0937965064601;category1;12056.333333333334;1
Новосибирск;8a0bb0236c5ffff;54.86300032104475;83.10033321120035;category2;1600.833333333333;1
Новосибирск;8a0bb030825ffff;54.95692108861624;82.96276264610175;category4;107.0;1
Новосибирск;8a0bb03095b7fff;54.95688933316151;82.96496390347754;category1;16632.5;1
Новосибирск;8a0bb030c107fff;54.9380197242485;82.90757986156069;category4;195.0;1
Новосибирск;8a0bb030c54ffff;54.93460069006783;82.9174578870381;category1;13597.5;1
Новосибирск;8a0bb030c6effff;54.940944639678264;82.93291316736274;category4;579.5;1
Новосибирск;8a0bb030c76ffff;54.94217789523425;82.92301838964575;category1;1341.1666666666667;1
Новосибирск;8a0bb030cb97fff;54.942424440203794;82.90541133765223;category1;9853.166666666668;1
Новосибирск;8a0bb030d0a7fff;54.95967268262263;82.92315412691569;category2;2441.5;1
Новосибирск;8a0bb030d19ffff;54.958594812909666;82.92204482812612;category2;1963.833333333333;1
Новосибирск;8a0bb030d647fff;54.96493684021366;82.93750883896293;category1;34600.333333333336;2
Новосибирск;8a0bb030d647fff;54.96493684021366;82.93750883896293;category4;76.45;1
Новосибирск;8a0bb031e997fff;54.86477536532478;82.98174050544802;category1;12464.166666666668;1
Новосибирск;8a0bb031ec1ffff;54.86135042456612;82.99159470611684;category4;128.0;1
Новосибирск;8a0bb032956ffff;54.96609780983737;82.85382715931671;category1;23866.933333333334;3
Новосибирск;8a0bb032a2effff;54.94159008786893;82.88669508742332;category1;6693.133333333333;1
Новосибирск;8a0bb034046ffff;55.04987956560695;82.96025898207263;category1;7725.6;1
Новосибирск;8a0bb0340537fff;55.04341826496107;82.95358583320206;category1;30140.166666666668;2
Новосибирск;8a0bb0340537fff;55.04341826496107;82.95358583320206;category4;125.66666666666667;1
Новосибирск;8a0bb03406effff;55.05516702986813;82.97243951205152;category1;7916.833333333334;1
Новосибирск;8a0bb0342107fff;55.03650878873579;82.97778727450014;category1;8709.5;1
Новосибирск;8a0bb0342107fff;55.03650878873579;82.97778727450014;category4;119.33333333333331;1
Новосибирск;8a0bb034212ffff;55.03761775639344;82.9766945412183;category1;6453.5;1
Новосибирск;8a0bb0342687fff;55.03504258767135;83.00313413599699;category1;17394.3;2
Новосибирск;8a0bb034289ffff;55.03546424203499;82.97446987876636;category3;25437.016666666663;3
Новосибирск;8a0bb03428dffff;55.03872671131738;82.97560175034312;category2;2150.6666666666665;2
Новосибирск;8a0bb034392ffff;55.06067901502288;82.96917858340944;category2;1380.8333333333333;1
Новосибирск;8a0bb0343a97fff;55.06475875781504;82.98907537543923;category2;1578.3333333333335;1
Новосибирск;8a0bb034444ffff;55.04275137007857;82.92380032900023;category1;1655.0;1
Новосибирск;8a0bb0344467fff;55.041705339134424;82.92048323020038;category3;31303.0;2
Новосибирск;8a0bb03444c7fff;55.0394256687946;82.92708315681517;category2;1301.3333333333335;1
Новосибирск;8a0bb0344737fff;55.043859911620785;82.9227059377669;category1;15737.333333333334;1
Новосибирск;8a0bb0344737fff;55.043859911620785;82.9227059377669;category4;0.0;1
Новосибирск;8a0bb0344797fff;55.04158013363806;82.92930602812079;category3;17056.0;1
Новосибирск;8a0bb0344acffff;55.05602191800656;82.91287032867176;category1;9467.166666666666;1
Новосибирск;8a0bb0344b5ffff;55.05614610655966;82.90404422682329;category4;49.33333333333333;1
Новосибирск;8a0bb03457affff;55.0666364981199;82.93502236627945;category1;3071.833333333333;1
Новосибирск;8a0bb03457affff;55.0666364981199;82.93502236627945;category4;97.66666666666666;1
Новосибирск;8a0bb0345c17fff;55.06036209925557;82.91511004674526;category3;82499.16666666667;6
Новосибирск;8a0bb0345c37fff;55.06039325904496;82.91290334726646;category4;183.0;1
Новосибирск;8a0bb0345d8ffff;55.05928485985299;82.91399841687132;category4;109.66666666666667;1
Новосибирск;8a0bb03462dffff;55.03895118966343;82.96016489774448;category1;13292.75;1
Новосибирск;8a0bb034688ffff;55.029479338330844;82.93472350486833;category2;821.1666666666666;1
Новосибирск;8a0bb03468cffff;55.032742468355686;82.93585244954397;category2;1326.0;1
Новосибирск;8a0bb0346cb7fff;55.01956376328439;82.94015579307612;category2;1915.6666666666667;1
Новосибирск;8a0bb034c0e7fff;55.099980995148464;82.97173387356983;category2;1670.5;1
Новосибирск;8a0bb034c10ffff;55.09900134337826;82.96399534786414;category1;7012.0;1
Новосибирск;8a0bb034c35ffff;55.10868845678753;82.97402018836965;category1;11308.166666666666;1
Новосибирск;8a0bb03502b7fff;55.0031354712458;83.01715207476987;category1;10624.25;2
Новосибирск;8a0bb035066ffff;55.003069689056716;83.02155836609093;category1;7108.666666666666;1
Новосибирск;8a0bb035066ffff;55.003069689056716;83.02155836609093;category4;95.5;1
Новосибирск;8a0bb03512affff;55.028156844264;83.02511566839596;category2;2538.9166666666665;2
Новосибирск;8a0bb0351357fff;55.03044152852642;83.01852422898202;category4;94.66666666666666;1
Новосибирск;8a0bb035176ffff;55.02489486777464;83.0239806091789;category2;4301.666666666666;1
Новосибирск;8a0bb0354067fff;54.99513592799858;82.96639845725554;category1;12635.833333333332;1
Новосибирск;8a0bb0354a07fff;54.9996039050646;82.95982657464839;category2;1337.0833333333333;2
Новосибирск;8a0bb0362aaffff;55.04567673374084;82.87087170039713;category4;13.916666666666668;1
Новосибирск;8a0bb036989ffff;55.128354747129784;82.89794515462992;category1;11786.333333333332;1
Новосибирск;8a0bb036b097fff;55.11132291614112;82.9431150901412;category1;17069.833333333332;1
Новосибирск;8a0bb036b52ffff;55.10701648965125;82.93866143707076;category4;100.0;1
Новосибирск;8a0bb036d697fff;55.11973872229289;82.8890428541254;category2;932.3333333333335;1
Новосибирск;8a0bb036d6dffff;55.12407784672293;82.89128360264995;category2;907.0;1
Новосибирск;8a0bb03704affff;54.99157946028999;82.9090790622337;category3;22128.333333333336;2
Новосибирск;8a0bb0370587fff;54.989454658536545;82.90465626590009;category4;98.0;1
Новосибирск;8a0bb03705affff;54.99056328124987;82.90356264534516;category1;9726.166666666668;1
Новосибирск;8a0bb037129ffff;55.0285898918669;82.92038201338814;category1;19655.833333333332;1
Новосибирск;8a0bb037129ffff;55.0285898918669;82.92038201338814;category4;68.58333333333333;1
Новосибирск;8a0bb03712a7fff;55.02865217613888;82.91597180715891;category2;626.5;1
Новосибирск;8a0bb03712f7fff;55.030807030419375;82.91819367624203;category3;24889.083333333332;4
Новосибирск;8a0bb037138ffff;55.02868325876545;82.91376667902712;category3;33237.0;2
Новосибирск;8a0bb0371617fff;55.02200065197472;82.92253618223779;category2;2175.6666666666665;1
Новосибирск;8a0bb037169ffff;55.02082950493117;82.9280393786835;category2;5998.333333333333;1
Новосибирск;8a0bb03716cffff;55.02520154645457;82.92807385326836;category3;507.83333333333337;1
Новосибирск;8a0bb0371a4ffff;55.035426937138034;82.90058325251205;category1;10518.833333333334;1
Новосибирск;8a0bb0371a4ffff;55.035426937138034;82.90058325251205;category4;108.83333333333334;1
Новосибирск;8a0bb0371aeffff;55.03321009875058;82.9027727971148;category3;35491.33333333333;3
Новосибирск;8a0bb0372817fff;54.98384954242643;82.91452938338969;category2;5519.0;1
Новосибирск;8a0bb0372847fff;54.98822250494693;82.9145625106829;category1;7359.333333333334;1
Новосибирск;8a0bb0373257fff;55.01728303592842;82.94675108456512;category2;974.8333333333334;1
Новосибирск;8a0bb037334ffff;55.018454990469266;82.94124910347571;category1;8226.833333333334;1
Новосибирск;8a0bb037336ffff;55.01848649902646;82.93904465203248;category3;12256.433333333334;4
Новосибирск;8a0bb037345ffff;55.003057552069464;82.94773498137955;category4;985.0;1
Новосибирск;8a0bb0373627fff;55.00739823507716;82.9499752119746;category2;780.5;2
Новосибирск;8a0bb037364ffff;55.011707026357094;82.95441989135111;category1;15523.0;2
Новосибирск;8a0bb0373a27fff;55.015379948962774;82.92689410187484;category4;90.61666666666667;1
Новосибирск;8a0bb0373a2ffff;55.016457364341925;82.92800491083668;category2;2081.5;1
Новосибирск;8a0bb0373ae7fff;55.016394717533586;82.93241374893212;category2;893.5;2
Новосибирск;8a0bb037410ffff;54.99341717013407;82.85509908762464;category2;3029.166666666666;2
Новосибирск;8a0bb0374257fff;55.003061167635686;82.86948808510911;category4;684.6666666666667;2
Новосибирск;8a0bb0374697fff;54.989790882793514;82.88041933875604;category2;729.1666666666666;1
Новосибирск;8a0bb0374767fff;54.995423579924;82.86833589738396;category3;5307.533333333334;2
Новосибирск;8a0bb03748f7fff;54.99350669739371;82.84848761546901;category1;8187.833333333332;1
Новосибирск;8a0bb0374b9ffff;54.997820190046;82.85292239595886;category1;9955.5;1
Новосибирск;8a0bb037604ffff;54.981970430229666;82.89248384485643;category3;22128.166666666668;2
Новосибирск;8a0bb037606ffff;54.982000952922775;82.8902808558662;category1;4063.0;1
Новосибирск;8a0bb037606ffff;54.982000952922775;82.8902808558662;category4;108.33333333333334;1
Новосибирск;8a0bb0376307fff;54.9841570153208;82.89249933103282;category3;46826.50000000001;5
Новосибирск;8a0bb0376387fff;54.9819092659747;82.8968897731099;category4;98.16666666666666;1
Новосибирск;8a0bb0376397fff;54.98080065669372;82.89798336790928;category1;17496.0;2
Новосибирск;8a0bb037694ffff;54.98116546249646;82.87154754935035;category1;8878.5;1
Новосибирск;8a0bb037694ffff;54.98116546249646;82.87154754935035;category4;98.0;1
Новосибирск;8a0bb0376a5ffff;54.988621620681116;82.88592032352554;category3;22097.166666666668;2
Новосибирск;8a0bb03a835ffff;54.847148980836664;83.0639233830903;category1;2396.8333333333335;1
Новосибирск;8a0bb03a9c17fff;54.851590439373695;83.0595801182081;category2;292.1666666666667;1
Новосибирск;8a0bb03ab11ffff;54.84341553435443;83.0935189807869;category2;1178.3333333333335;2
Новосибирск;8a0bb03ab39ffff;54.84869783850204;83.10565460242422;category2;488.8333333333333;2
Новосибирск;8a0bb03abccffff;54.839006747650416;83.0956631251106;category1;7449.700000000001;1
Новосибирск;8a0bb03abccffff;54.839006747650416;83.0956631251106;category3;30590.000000000004;5
Новосибирск;8a0bb03ad787fff;54.84966694802418;83.04199341647663;category1;7463.833333333334;1
Новосибирск;8a0bb0ad8a97fff;55.00633768966453;82.78793269132733;category2;577.0833333333334;1
Новосибирск;8a0bb0ada6dffff;54.98700621263899;82.84404051205784;category4;261.3333333333333;1
Новосибирск;8a0bb0ada857fff;54.988583996138104;82.80768523120912;category1;1672.5;1
Новосибирск;8a0bb0adc02ffff;54.99588620969797;82.75040442284038;category4;845.5;1
Санкт-Петербург;8a1106000b27fff;59.795912536231455;30.299512474169447;category1;1018.8;1
Санкт-Петербург;8a1106001857fff;59.810537373855595;30.318279584161694;category2;478.8666666666667;1
Санкт-Петербург;8a110600198ffff;59.80707644239373;30.313974888405387;category1;3221.833333333334;1
Санкт-Петербург;8a1106001b67fff;59.817354327392714;30.32150014060157;category1;10210.0;1
Санкт-Петербург;8a1106001c6ffff;59.80494381434044;30.320088165082062;category2;212.5;1
Санкт-Петербург;8a110600211ffff;59.76937472788481;30.324350260150794;category2;545.1666666666666;1
Санкт-Петербург;8a110600816ffff;59.82978858777239;30.382621641026326;category1;20188.166666666664;2
Санкт-Петербург;8a11060088cffff;59.82934705291069;30.37914393534929;category1;13246.833333333332;1
Санкт-Петербург;8a1106008a2ffff;59.83504516644076;30.382739912963782;category3;32991.166666666664;3
Санкт-Петербург;8a1106008bb7fff;59.83046610755749;30.37878368654565;category4;161.66666666666666;1
Санкт-Петербург;8a1106009bb7fff;59.849223599679206;30.39809588296312;category1;21016.666666666664;2
Санкт-Петербург;8a110600b84ffff;59.832639556888374;30.414289107385972;category1;11826.833333333332;1
Санкт-Петербург;8a110600ca17fff;59.832082568513215;30.345686521358676;category1;17867.833333333332;1
Санкт-Петербург;8a110600cb37fff;59.83231628448067;30.338372691591438;category1;6813.333333333332;1
Санкт-Петербург;8a110600dd87fff;59.83598547639879;30.35347563183005;category4;23.333333333333332;1
Санкт-Петербург;8a110600e067fff;59.81035314050402;30.367166543531958;category1;7593.0;1
Санкт-Петербург;8a110602369ffff;59.799857208692124;30.271127798434073;category1;10826.833333333334;1
Санкт-Петербург;8a110602491ffff;59.805507105968104;30.160895665803764;category4;1992.3333333333335;2
Санкт-Петербург;8a1106024957fff;59.80740660019826;30.16207930902048;category1;14892.0;1
Санкт-Петербург;8a1106028247fff;59.85080429632073;30.305241795661168;category4;0.0;1
Санкт-Петербург;8a1106028727fff;59.84052631512296;30.29771526197357;category4;44800;1
Санкт-Петербург;8a110602976ffff;59.86275024265208;30.321287242768516;category3;34306.833333333336;3
Санкт-Петербург;8a1106029af7fff;59.868573232150375;30.31215611006219;category1;7952.5;1
Санкт-Петербург;8a110602a3a7fff;59.82775981115078;30.316325180038607;category1;17147.666666666668;1
Санкт-Петербург;8a110602b8dffff;59.845529789435815;30.32324125238571;category4;91.5;1
Санкт-Петербург;8a110602ba2ffff;59.85234644172829;30.326466096298134;category2;2414.0;1
Санкт-Петербург;8a110602bb07fff;59.85112233612737;30.321431043131557;category3;55039.33333333334;5
Санкт-Петербург;8a110602c0c7fff;59.84201240633946;30.259236950036314;category1;2302.6666666666665;1
Санкт-Петербург;8a110602c12ffff;59.8429139718628;30.248088985446685;category1;7202.333333333334;1
Санкт-Петербург;8a110602c177fff;59.84369542488443;30.24964357055791;category3;22708.250000000004;3
Санкт-Петербург;8a110602c24ffff;59.850835984845894;30.269032862805812;category3;46916.333333333336;3
Санкт-Петербург;8a110602c997fff;59.840460861080004;30.238034724747035;category4;69.33333333333333;1
Санкт-Петербург;8a110602d7b7fff;59.8548499347358;30.282207473130903;category2;90.5;1
Санкт-Петербург;8a110602dd97fff;59.851401355514625;30.2598005584132;category4;96.83333333333333;1
Санкт-Петербург;8a110604016ffff;59.9228540268256;30.441527753264285;category2;2047.1666666666665;1
Санкт-Петербург;8a110604042ffff;59.91244351435017;30.44668560474266;category4;150.33333333333334;2
Санкт-Петербург;8a11060404affff;59.9098662061367;30.449327737409572;category1;15102.5;1
Санкт-Петербург;8a110604126ffff;59.947171819768585;30.47732283070369;category1;16369.833333333336;2
Санкт-Петербург;8a11060412e7fff;59.943814309749605;30.4783986721533;category4;93.16666666666667;1
Санкт-Петербург;8a110604134ffff;59.9467309360224;30.473829387088504;category1;14644.166666666668;2
Санкт-Петербург;8a1106041d67fff;59.93536824698542;30.448404914434413;category4;37.8;1
Санкт-Петербург;8a1106043507fff;59.911932812690466;30.479525506641078;category1;5142.833333333333;1
Санкт-Петербург;8a110604359ffff;59.90901482962771;30.48409005436895;category1;14020.0;1
Санкт-Петербург;8a1106043887fff;59.919667054947524;30.471602131092812;category3;23687.666666666668;3
Санкт-Петербург;8a1106043987fff;59.91956568721631;30.466187158876263;category1;12241.0;1
Санкт-Петербург;8a1106043987fff;59.91956568721631;30.466187158876263;category4;158.33333333333331;1
Санкт-Петербург;8a1106043c6ffff;59.91820841149869;30.473885139844814;category3;583.1666666666666;1
Санкт-Петербург;8a1106044c2ffff;59.914091525950205;30.395338279785168;category4;9966.833333333334;1
Санкт-Петербург;8a1106045477fff;59.931261132439886;30.429746612387532;category1;7419.666666666668;1
Санкт-Петербург;8a110604570ffff;59.93550127764322;30.435647714553117;category2;898.6666666666665;1
Санкт-Петербург;8a110604578ffff;59.93292480874286;30.438292115914994;category1;16250.833333333332;1
Санкт-Петербург;8a110604578ffff;59.93292480874286;30.438292115914994;category4;93.83333333333334;1
Санкт-Петербург;8a11060458cffff;59.94044649622884;30.419526121119237;category1;9910.0;1
Санкт-Петербург;8a11060458cffff;59.94044649622884;30.419526121119237;category4;121.83333333333333;1
Санкт-Петербург;8a1106045db7fff;59.92827076556137;30.410735452134496;category3;46554.0;3
Санкт-Петербург;8a1106046c4ffff;59.89839997460553;30.418534008626594;category2;592.0;1
Санкт-Петербург;8a110604c457fff;59.95039314228214;30.48901394148614;category1;8024.0;1
Санкт-Петербург;8a110604c457fff;59.95039314228214;30.48901394148614;category4;71.83333333333333;1
Санкт-Петербург;8a110604cc1ffff;59.950868335633295;30.47432052393741;category4;100.83333333333333;1
Санкт-Петербург;8a110604e84ffff;59.944457471518895;30.492731467776622;category3;18616.0;2
Санкт-Петербург;8a110604eccffff;59.93404388071327;30.49787974973324;category1;11475.833333333334;1
Санкт-Петербург;8a1106050167fff;59.867231412192766;30.457550082544696;category2;196.0;1
Санкт-Петербург;8a1106050777fff;59.86373358836051;30.47135909213756;category1;10527.333333333332;1
Санкт-Петербург;8a110605255ffff;59.84065958994442;30.48235487177592;category1;11086.333333333334;1
Санкт-Петербург;8a110605555ffff;59.87676451139883;30.44543075576609;category4;95.83333333333334;1
Санкт-Петербург;8a110605569ffff;59.87706740222668;30.461653676995773;category1;3278.833333333334;1
Санкт-Петербург;8a110605569ffff;59.87706740222668;30.461653676995773;category4;95.5;1
Санкт-Петербург;8a1106055cc7fff;59.87700235129283;30.438101738534357;category3;38900.166666666664;3
Санкт-Петербург;8a110605c90ffff;59.904876746606696;30.483598311969008;category3;46987.16666666666;3
Санкт-Петербург;8a110605ccf7fff;59.89568095474763;30.493797742330788;category4;91.83333333333333;1
Санкт-Петербург;8a110606026ffff;59.94498850961982;30.363575769294375;category4;1070.0;1
Санкт-Петербург;8a110606035ffff;59.943426614387015;30.360449492836935;category4;91.5;1
Санкт-Петербург;8a1106060457fff;59.92945725739735;30.355893566571854;category3;2955.5;1
Санкт-Петербург;8a110606046ffff;59.93169386593014;30.355169681661003;category1;6271.666666666666;1
Санкт-Петербург;8a110606048ffff;59.926102275889704;30.356979230764782;category3;33016.66666666667;4
Санкт-Петербург;8a11060604dffff;59.927664082039556;30.36010372085743;category1;26754.333333333336;2
Санкт-Петербург;8a110606052ffff;59.92890723995228;30.346996985477315;category1;17181.166666666668;1
Санкт-Петербург;8a110606052ffff;59.92890723995228;30.346996985477315;category4;88.66666666666667;1
Санкт-Петербург;8a1106060637fff;59.93258092396817;30.362143348367546;category2;76.5;1
Санкт-Петербург;8a110606068ffff;59.93156842841782;30.36791654206202;category2;1260.3333333333333;1
Санкт-Петербург;8a1106060717fff;59.93213743432501;30.358656416277213;category1;17026.0;1
Санкт-Петербург;8a11060609b7fff;59.934621423884394;30.332440492520583;category4;92.0;1
Санкт-Петербург;8a1106061947fff;59.95941854835687;30.353454477703607;category3;32446.166666666668;3
Санкт-Петербург;8a1106061b77fff;59.964104871695326;30.36283713586663;category2;1106.6666666666667;1
Санкт-Петербург;8a1106061cb7fff;59.94566313528694;30.35972558033096;category3;44913.833333333336;3
Санкт-Петербург;8a11060622effff;59.924392736603394;30.384755943448372;category1;10330.0;1
Санкт-Петербург;8a1106062ab7fff;59.92217783716816;30.36732232124238;category1;3114.166666666667;1
Санкт-Петербург;8a110606306ffff;59.94026228654667;30.3905267127519;category4;2417.8333333333335;1
Санкт-Петербург;8a110606438ffff;59.93854175573496;30.322093137006554;category3;18526.833333333332;3
Санкт-Петербург;8a110606441ffff;59.926809419589475;30.316828636757155;category4;92.16666666666667;1
Санкт-Петербург;8a1106064457fff;59.92870869032944;30.318026434001528;category4;1099.0;1
Санкт-Петербург;8a1106064487fff;59.92457335351849;30.317554600101428;category2;655.1666666666666;1
Санкт-Петербург;8a11060644d7fff;59.92613580029628;30.32067609673361;category1;10894.5;1
Санкт-Петербург;8a11060644d7fff;59.92613580029628;30.32067609673361;category4;96.16666666666667;1
Санкт-Петербург;8a11060644e7fff;59.927590663287695;30.318389412095335;category4;579.3333333333334;1
Санкт-Петербург;8a110606464ffff;59.93607643565225;30.330153499799774;category2;1257.6666666666665;1
Санкт-Петербург;8a1106064757fff;59.93406968859815;30.32354486101979;category3;559.0;1
Санкт-Петербург;8a1106065877fff;59.95799129401021;30.31940697374321;category4;92.83333333333334;1
Санкт-Петербург;8a110606592ffff;59.957101433549724;30.312432051335687;category4;0.0;1
Санкт-Петербург;8a110606595ffff;59.958327784616436;30.317481516898845;category1;3407.833333333334;1
Санкт-Петербург;8a11060659a7fff;59.95374793905856;30.31352227423201;category2;1015.1666666666667;1
Санкт-Петербург;8a1106066307fff;59.92232175440671;30.33642821707507;category1;9489.833333333332;1
Санкт-Петербург;8a11060666c7fff;59.91470669451741;30.349779999127918;category1;11365.333333333334;1
Санкт-Петербург;8a110606680ffff;59.92010111143296;30.319006265089122;category2;3315.333333333334;1
Санкт-Петербург;8a1106066c2ffff;59.91261131331294;30.319622859752975;category1;13852.666666666664;1
Санкт-Петербург;8a1106066d6ffff;59.915184457079576;30.316974160735747;category4;98.0;1
Санкт-Петербург;8a1106068937fff;59.97546096923325;30.40642168472668;category1;8294.133333333333;1
Санкт-Петербург;8a1106068a9ffff;59.978897942680746;30.42895165606047;category2;526.0;1
Санкт-Петербург;8a1106069c5ffff;59.989616498687425;30.440051036494435;category1;7182.5;1
Санкт-Петербург;8a110606ab97fff;59.95998401241618;30.440493986398227;category1;11528.666666666666;1
Санкт-Петербург;8a110606c32ffff;59.97972342586956;30.39413642988077;category1;7915.5;1
Санкт-Петербург;8a110606cc97fff;59.9640866750432;30.381013673787326;category4;44706;1
Санкт-Петербург;8a110606d927fff;59.994598130416996;30.387509076872156;category2;2030.333333333333;1
Санкт-Петербург;8a110606e317fff;59.95946385468459;30.413399190376943;category1;10415.0;1
Санкт-Петербург;8a110606ea37fff;59.9622719532014;30.40340690281435;category2;560.6666666666666;1
Санкт-Петербург;8a110606eb17fff;59.96182905059053;30.399915215757595;category2;1021.0;1
Санкт-Петербург;8a1106070057fff;59.88248002383879;30.37107506992732;category1;8671.833333333334;1
Санкт-Петербург;8a110607039ffff;59.88336491352612;30.37804042375365;category2;77.66666666666666;1
Санкт-Петербург;8a110607054ffff;59.87644398301703;30.36939793204111;category4;40.333333333333336;1
Санкт-Петербург;8a1106070c57fff;59.877015515034564;30.360152148328222;category1;12667.0;1
Санкт-Петербург;8a1106072087fff;59.8603110315271;30.389093858038535;category4;3.3333333333333335;1
Санкт-Петербург;8a110607265ffff;59.86285773694484;30.40458082491249;category1;14250.0;1
Санкт-Петербург;8a110607265ffff;59.86285773694484;30.40458082491249;category4;94.83333333333333;1
Санкт-Петербург;8a1106072a27fff;59.87105814785572;30.382008132059774;category3;17009.55;3
Санкт-Петербург;8a1106072b17fff;59.869497186388145;30.37888705961219;category1;20246.333333333332;2
Санкт-Петербург;8a1106072db7fff;59.8539641551472;30.371213468953876;category4;89.83333333333333;1
Санкт-Петербург;8a110607389ffff;59.88110020847694;30.3968984713127;category4;405.33333333333326;1
Санкт-Петербург;8a11060738e7fff;59.8844568864856;30.395817590085723;category4;80.5;1
Санкт-Петербург;8a1106074837fff;59.88176206685682;30.31512637364353;category1;13302.833333333332;2
Санкт-Петербург;8a1106074c07fff;59.87471499961128;30.3192224334419;category2;536.5;1
Санкт-Петербург;8a1106076437fff;59.853547448427925;30.34961633475809;category1;10916.333333333332;1
Санкт-Петербург;8a110607648ffff;59.85253320985647;30.355376333781603;category4;92.83333333333334;1
Санкт-Петербург;8a110607659ffff;59.85131004419162;30.350338935208434;category1;14534.666666666668;1
Санкт-Петербург;8a11060e1317fff;59.832434303576626;30.504905340466276;category1;15761.0;1
Санкт-Петербург;8a11060e132ffff;59.83467432556857;30.504191896094227;category1;3554.833333333333;1
Санкт-Петербург;8a110610b287fff;59.82450192488215;30.172738392689613;category1;10073.5;1
Санкт-Петербург;8a110610d2a7fff;59.84203490748172;30.11456878475994;category4;97.83333333333331;1
Санкт-Петербург;8a11061488effff;59.95578261361174;30.2475021520757;category1;10777.833333333334;1
Санкт-Петербург;8a11061488effff;59.95578261361174;30.2475021520757;category4;558.0;2
Санкт-Петербург;8a1106149617fff;59.96750543007206;30.289068107233142;category2;946.8333333333334;1
Санкт-Петербург;8a1106149827fff;59.97365777140489;30.259816603830917;category3;4728.166666666667;1
Санкт-Петербург;8a110614a207fff;59.93968135978963;30.285424612811468;category1;4081.5;1
Санкт-Петербург;8a110614a78ffff;59.92995791404228;30.286776313099715;category2;1947.5;1
Санкт-Петербург;8a110614aac7fff;59.942143290170435;30.277363562111724;category4;93.33333333333334;1
Санкт-Петербург;8a110614aae7fff;59.94247926178255;30.275439301263468;category1;6366.0;1
Санкт-Петербург;8a110614aaeffff;59.943260914457525;30.276999268663115;category3;56481.833333333336;5
Санкт-Петербург;8a110614ac4ffff;59.932201203064665;30.267903927112496;category2;1802.5;1
Санкт-Петербург;8a110614b35ffff;59.96068225835865;30.30400322777665;category1;3274.883333333333;1
Санкт-Петербург;8a110614b8e7fff;59.95577406774311;30.283811843479906;category2;105.0;1
Санкт-Петербург;8a110614bb8ffff;59.9589005693945;30.29005582998712;category1;16228.166666666664;1
Санкт-Петербург;8a110614bb9ffff;59.957782931897256;30.2904199140645;category1;7999.666666666666;1
Санкт-Петербург;8a110614c077fff;59.95332464868943;30.2192683395908;category1;8762.833333333334;1
Санкт-Петербург;8a110614c607fff;59.949079924427515;30.23154610263402;category1;10450.833333333334;1
Санкт-Петербург;8a110614c6b7fff;59.94572818905156;30.23264296965499;category2;1003.0;1
Санкт-Петербург;8a110614c6e7fff;59.94952674987209;30.235029098480457;category4;96.16666666666666;1
Санкт-Петербург;8a110614eb87fff;59.9385777888898;30.23135416088348;category1;14512.166666666668;1
Санкт-Петербург;8a1106150287fff;59.86204094826046;30.211089421142756;category4;87.0;1
Санкт-Петербург;8a1106150697fff;59.85310016361791;30.214011390852843;category4;100.16666666666666;1
Санкт-Петербург;8a110615088ffff;59.85969817012421;30.18833342017266;category1;5341.0;1
Санкт-Петербург;8a1106152c17fff;59.834551761530584;30.205602844043792;category1;13222.166666666668;1
Санкт-Петербург;8a1106152c17fff;59.834551761530584;30.205602844043792;category4;165.16666666666666;1
Санкт-Петербург;8a1106153137fff;59.85901811112072;30.228363666480316;category1;18902.166666666668;2
Санкт-Петербург;8a110615362ffff;59.85867343253643;30.24838366652074;category1;11854.0;2
Санкт-Петербург;8a1106153d07fff;59.854327804878;30.219038098496654;category1;13351.5;1
Санкт-Петербург;8a1106154c2ffff;59.85399801949391;30.148599925998585;category1;4762.666666666666;1
Санкт-Петербург;8a1106154db7fff;59.84941680502009;30.144680274522504;category1;21314.333333333332;1
Санкт-Петербург;8a1106156067fff;59.84338532528384;30.17920669220796;category1;14243.333333333332;1
Санкт-Петербург;8a110615804ffff;59.9009044943715;30.278099906151823;category2;862.1666666666667;1
Санкт-Петербург;8a110615814ffff;59.90079574648708;30.272697839178065;category1;12770.833333333332;1
Санкт-Петербург;8a1106158aeffff;59.906493719024716;30.27628045267076;category4;28.383333333333336;1
Санкт-Петербург;8a11061594affff;59.906927385229;30.297894739590706;category1;3248.5;1
Санкт-Петербург;8a110615954ffff;59.91173584909158;30.29451848432974;category2;388.1666666666667;1
Санкт-Петербург;8a1106159647fff;59.91653175454687;30.309281731567967;category4;91.33333333333333;1
Санкт-Петербург;8a1106159d6ffff;59.914427280665365;30.279136490795043;category2;784.5;1
Санкт-Петербург;8a110615b3affff;59.902103787209285;30.31940474345681;category3;4282.116666666667;2
Санкт-Петербург;8a110615bb27fff;59.90625398097106;30.301739735322943;category1;11523.966666666667;1
Санкт-Петербург;8a110615bb27fff;59.90625398097106;30.301739735322943;category2;303.6666666666667;1
Санкт-Петербург;8a110615dcdffff;59.90974543975545;30.251654880859956;category2;665.6666666666666;1
Санкт-Петербург;8a110615e0f7fff;59.87800357635373;30.25838010307002;category3;25009.333333333332;2
Санкт-Петербург;8a110615e76ffff;59.88001171599303;30.26497066060786;category1;7672.0;1
Санкт-Петербург;8a1106169807fff;59.98971719424251;30.167372635334882;category4;167.33333333333331;1
Санкт-Петербург;8a110617678ffff;59.85252596119646;30.09664978748923;category4;1227.8333333333333;2
Санкт-Петербург;8a11061767a7fff;59.85207715289838;30.09318246813271;category1;12160.0;1
Санкт-Петербург;8a1106a80077fff;60.047165079223916;30.31584127339204;category1;3050.0;1
Санкт-Петербург;8a1106a804e7fff;60.03789042712007;30.320684607818844;category1;24322.333333333336;2
Санкт-Петербург;8a1106a804f7fff;60.03677300183684;30.321048637110252;category4;85.66666666666667;1
Санкт-Петербург;8a1106a807b7fff;60.03945377782466;30.323816391357553;category1;4656.5;1
Санкт-Петербург;8a1106a807b7fff;60.03945377782466;30.323816391357553;category4;92.5;1
Санкт-Петербург;8a1106a80a07fff;60.05308707568305;30.312089021069315;category1;7552.333333333334;1
Санкт-Петербург;8a1106a80b6ffff;60.05677421176893;30.309064809270406;category1;4429.666666666667;1
Санкт-Петербург;8a1106a811affff;60.0624682151818;30.33088960715197;category1;14108.833333333332;1
Санкт-Петербург;8a1106a81287fff;60.066932409276255;30.347657680432263;category4;40.16666666666667;1
Санкт-Петербург;8a1106a815b7fff;60.052747401829585;30.33223400754708;category1;38892.833333333336;4
Санкт-Петербург;8a1106a815b7fff;60.052747401829585;30.33223400754708;category4;89.83333333333333;1
Санкт-Петербург;8a1106a83057fff;60.04759800558695;30.355765879425483;category1;13836.5;1
Санкт-Петербург;8a1106a83967fff;60.05129416399175;30.334528547918644;category4;131.16666666666666;1
Санкт-Петербург;8a1106a86197fff;60.02270123650523;30.292879746800526;category1;12322.833333333332;1
Санкт-Петербург;8a1106a90207fff;59.995975141876585;30.34341449650303;category2;817.3333333333334;1
Санкт-Петербург;8a1106a906dffff;59.9879212005019;30.35330131669945;category1;8819.333333333334;1
Санкт-Петербург;8a1106a915affff;59.99988162241668;30.351239445507332;category4;262.6666666666667;1
Санкт-Петербург;8a1106a9281ffff;59.97451913987081;30.339472798211748;category2;339.0;1
Санкт-Петербург;8a1106a92c37fff;59.96624894621689;30.338522800167805;category4;55.833333333333336;1
Санкт-Петербург;8a1106a9391ffff;59.99317419950183;30.35341571493647;category1;12522.5;1
Санкт-Петербург;8a1106a93a27fff;59.99942369276887;30.365938640426744;category4;105.66666666666666;1
Санкт-Петербург;8a1106a94097fff;59.98605179184344;30.29755876678478;category4;89.5;1
Санкт-Петербург;8a1106a946a7fff;59.9851535395796;30.308755791138026;category2;1052.3333333333333;1
Санкт-Петербург;8a1106a94a6ffff;60.00136074792034;30.294385977866572;category2;2319.0;1
Санкт-Петербург;8a1106a95d77fff;60.004823396952425;30.298711736242826;category1;20404.5;2
Санкт-Петербург;8a1106a961b7fff;59.96827915121261;30.308796553962477;category3;40601.0;3
Санкт-Петербург;8a1106a96547fff;59.966488848145545;30.313011947239183;category4;90.83333333333334;1
Санкт-Петербург;8a1106a96cc7fff;59.96637993302397;30.307598009187615;category3;2258.0;1
Санкт-Петербург;8a1106a96d57fff;59.96772459716865;30.29989469995875;category4;23.483333333333334;1
Санкт-Петербург;8a1106a98a2ffff;60.037726999443734;30.406323183701325;category4;102.66666666666666;1
Санкт-Петербург;8a1106a98a47fff;60.0392889237937;30.409461175552455;category1;20679.166666666668;1
Санкт-Петербург;8a1106a98acffff;60.03749641356686;30.41368378432071;category3;14514.599999999999;4
Санкт-Петербург;8a1106a99917fff;60.04867740785524;30.41006885555737;category4;88.16666666666667;1
Санкт-Петербург;8a1106a9a30ffff;60.01690374908948;30.434899890863605;category1;8979.666666666666;1
Санкт-Петербург;8a1106a9b81ffff;60.03154805386462;30.435641001688516;category1;4403.333333333334;1
Санкт-Петербург;8a1106a9bd4ffff;60.02741227855082;30.43515345541719;category4;753.0000000000001;2
Санкт-Петербург;8a1106a9c0dffff;60.02780288690913;30.37857831753892;category2;4724.5;2
Санкт-Петербург;8a1106a9c447fff;60.022886762397356;30.376530571269093;category1;9703.333333333334;1
Санкт-Петербург;8a1106a9cb8ffff;60.03395759564661;30.367479089171265;category1;12377.333333333336;1
Санкт-Петербург;8a1106a9d56ffff;60.04265870483979;30.390154896526145;category1;14902.0;1
Санкт-Петербург;8a1106a9d8e7fff;60.049594866227615;30.380620301845074;category4;92.0;1
Санкт-Петербург;8a1106a9e397fff;60.011690214603625;30.398356366320623;category1;29623.000000000004;3
Санкт-Петербург;8a1106a9e397fff;60.011690214603625;30.398356366320623;category4;74.53333333333333;1
Санкт-Петербург;8a1106a9e76ffff;60.01135295205798;30.400285374993583;category4;115.66666666666669;1
Санкт-Петербург;8a1106a9eb87fff;60.01516814135584;30.384491232848326;category1;17185.166666666668;2
Санкт-Петербург;8a1106aa254ffff;60.039228767747964;30.24016627576777;category1;18515.333333333332;1
Санкт-Петербург;8a1106aa254ffff;60.039228767747964;30.24016627576777;category4;1503.3333333333335;2
Санкт-Петербург;8a1106ab065ffff;60.006950294908975;30.25619828989648;category3;39393.833333333336;4
Санкт-Петербург;8a1106ab0c77fff;60.00337110891719;30.22828691778552;category1;24914.5;2
Санкт-Петербург;8a1106ab1c2ffff;60.021359020608784;30.246025015779164;category1;3860.0;1
Санкт-Петербург;8a1106ab1d9ffff;60.01722596365553;30.2455607052654;category1;10166.0;1
Санкт-Петербург;8a1106ab2037fff;59.9881820605496;30.255068354416302;category4;89.66666666666667;1
Санкт-Петербург;8a1106ab20e7fff;59.98941085476887;30.26011765854506;category1;15852.333333333332;2
Санкт-Петербург;8a1106ab225ffff;59.996783693243856;30.272247157931247;category2;493.16666666666663;1
Санкт-Петербург;8a1106ab27b7fff;59.98315388825622;30.2657965179861;category2;3216.4999999999995;2
Санкт-Петербург;8a1106ab298ffff;59.98941035677894;30.241947871673823;category4;758.3333333333333;1
Санкт-Петербург;8a1106ab2a6ffff;60.00058264937791;30.25646393948639;category2;4832.166666666666;1
Санкт-Петербург;8a1106ab2b07fff;59.996672227763774;30.248656045305232;category2;376.23333333333335;1
Санкт-Петербург;8a1106ab3527fff;60.0001354864756;30.27115207857823;category1;10094.166666666666;1
Санкт-Петербург;8a1106ab36effff;60.006612149306186;30.29449156938079;category3;38459.49999999999;3
Санкт-Петербург;8a1106ab382ffff;60.01119569658418;30.262081922542038;category1;1319.8333333333333;1
Санкт-Петербург;8a1106ab3987fff;60.0073973393579;30.259688105772412;category1;20618.166666666664;2
Санкт-Петербург;8a1106ab3987fff;60.0073973393579;30.259688105772412;category4;103.83333333333334;1
Санкт-Петербург;8a1106ab3cdffff;60.00203467226054;30.27234941157371;category1;4169.333333333334;1
Санкт-Петербург;8a1106ab44d7fff;59.9973331316553;30.208462275633238;category1;1164.3166666666666;1
Санкт-Петербург;8a1106ab47b7fff;60.00034912017786;30.209288642672984;category4;108.66666666666666;1
Санкт-Петербург;8a1106ab5727fff;60.02280512118253;30.225546257610233;category1;7628.333333333334;1
Санкт-Петербург;8a1106ab5727fff;60.02280512118253;30.225546257610233;category4;87.5;1
Санкт-Петербург;8a1106ab6017fff;59.987060471587085;30.219101110362743;category3;19567.333333333332;3
Санкт-Петербург;8a1106ab618ffff;59.98627815502163;30.217541305978315;category1;10523.666666666666;1
Санкт-Петербург;8a1106ab67a7fff;59.98348778027897;30.22753839708634;category1;2535.8333333333335;1
Санкт-Петербург;8a1106ab6807fff;59.990518672279954;30.20525043940497;category1;23519.5;2
Санкт-Петербург;8a1106ab6807fff;59.990518672279954;30.20525043940497;category4;94.5;1
Санкт-Петербург;8a1106ab6ae7fff;59.996443386843744;30.219656135670196;category2;489.5;1
Санкт-Петербург;8a1106ab6caffff;59.98124955247184;30.210110263556295;category4;95.66666666666667;1
